proc       sintheta         tanbeta          Mxd          mA           ma           Xsec(pb)    error
gg            0.35             1.0            10           1000          500           0.01092    2.416e-05
gg            0.35             1.0            10           1200          250           0.009472    5.542e-05
gg            0.35             1.0            10           1000          350           0.02225    0.0001297
gg            0.35             10.0            10           600          100           0.01132    7.069e-06
gg            0.35             0.5            10           600          300           0.1559    0.0002156
gg            0.35             1.0            10           1400          450           0.002848    1.686e-05
gg            0.35             10.0            10           600          150           0.009443    8.099e-06
gg            0.2             1.0            10           1000          350           0.01478    6.405e-05
gg            0.35             0.5            10           600          150           0.6201    0.002545
gg            0.2             1.0            10           600          200           0.1032    0.0001202
gg            0.35             10.0            10           600          500           0.0002897    6.736e-07
gg            0.35             0.8            10           600          400           0.0416    7.357e-05
gg            0.35             0.5            10           600          400           0.04348    0.0001469
gg            0.1             1.0            10           1000          350           0.004655    2.278e-05
gg            0.35             0.8            10           600          250           0.1915    0.000215
gg            0.35             0.8            10           600          350           0.0844    0.0001367
gg            0.35             0.5            10           600          100           0.8828    0.001809
gg            0.35             10.0            10           600          300           0.005773    5.317e-06
gg            0.35             10.0            10           600          250           0.007212    6.53e-06
gg            0.35             0.8            10           600          500           0.006654    9.394e-06
gg            0.35             1.0            10           1000          150           0.0419    0.0001432
gg            0.35             0.8            10           600          300           0.1291    9.386e-05
gg            0.35             0.5            10           600          200           0.4171    0.0009505
gg            0.35             10.0            10           600          200           0.008514    7.529e-06
gg            0.35             0.5            10           600          500           0.00921    4.457e-05
gg            0.35             1.0            10           1200          150           0.0106    1.3e-05
gg            0.35             0.8            10           600          100           0.4943    0.0006318
gg            0.35             1.0            10           1400          150           0.01836    7.061e-05
gg            0.35             0.8            10           600          150           0.376    0.0006968
gg            0.1             1.0            10           600          200           0.02887    6.309e-05
gg            0.35             1.0            10           1400          250           0.008605    1.916e-05
gg            0.35             10.0            10           600          400           0.002733    4.513e-06
gg            0.35             0.8            10           600          200           0.2778    0.0004911
gg            0.35             1.0            10           1400          350           0.004877    2.343e-05
gg            0.35             1.0            10           1200          500           0.0054    3.071e-05
gg            0.35             1.0            10           1200          350           0.008832    3.792e-05
gg            0.35             40.0            10           600          400           0.001352    2.978e-06
gg            0.35             30.0            10           600          100           0.03073    0.000196
gg            0.35             8.0            10           600          200           0.01168    1.476e-05
gg            0.35             30.0            10           600          350           0.002432    5.664e-06
gg            0.35             1.5            10           600          250           0.1191    0.0001673
gg            0.35             2.0            10           600          300           0.06773    4.522e-05
gg            0.35             50.0            10           600          300           0.005114    1.282e-05
gg            0.35             1.0            10           400          100           1.352    0.0008633
gg            0.35             1.0            10           800          250           0.07022    0.0002019
gg            0.35             1.0            10           600          100           0.3784    0.0005668
gg            0.3             1.0            10           1000          350           0.02183    0.0001192
gg            0.35             8.0            10           600          150           0.01288    1.485e-05
gg            0.35             1.5            10           600          300           0.08769    0.0001337
gg            0.35             4.0            10           600          350           0.02017    2.367e-05
gg            0.35             1.5            10           600          350           0.06137    0.0001129
gg            0.35             2.0            10           600          500           0.003112    8.85e-06
gg            0.35             1.0            10           400          200           0.6008    0.000422
gg            0.35             1.0            10           800          300           0.05689    0.0001048
gg            0.35             1.0            10           400          250           0.2303    0.0005819
gg            0.35             40.0            10           600          150           0.01794    4.054e-05
gg            0.35             8.0            10           600          350           0.006166    7.141e-06
gg            0.35             1.0            10           400          150           0.987    0.0008307
gg            0.35             6.0            10           600          150           0.02117    2.482e-05
gg            0.8             1.0            10           600          200           0.1545    0.0007817
gg            0.35             1.0            10           1600          250           0.02559    3.767e-05
gg            0.7             1.0            10           600          200           0.1706    0.0001072
gg            0.35             20.0            10           600          400           0.001384    2.503e-06
gg            0.35             1.0            10           300          150           1.606    0.002528
gg            0.35             1.5            10           600          200           0.1545    0.0002968
gg            0.35             2.0            10           600          150           0.1317    0.0003095
gg            0.35             30.0            10           600          300           0.004044    2.697e-06
gg            0.35             20.0            10           600          350           0.002369    4.751e-06
gg            0.4             1.0            10           1000          350           0.02067    3.85e-05
gg            0.35             4.0            10           600          300           0.02653    1.636e-05
gg            0.35             1.0            10           700          400           0.04242    6.59e-05
gg            0.35             4.0            10           600          500           0.001384    3.222e-06
gg            0.35             1.0            10           600          500           0.005563    1.128e-05
gg            0.35             1.0            10           600          350           0.07686    0.0001633
gg            0.35             2.0            10           600          100           0.1524    0.0002773
gg            0.35             6.0            10           600          500           0.0007165    1.578e-06
gg            0.35             8.0            10           600          100           0.01429    1.264e-05
gg            0.35             50.0            10           600          150           0.02314    5.623e-05
gg            0.35             50.0            10           600          500           0.0002425    8.035e-07
gg            0.35             2.0            10           600          350           0.04835    9.241e-05
gg            0.35             1.0            10           800          350           0.04838    5.338e-05
gg            0.35             8.0            10           600          500           0.0004285    8.421e-07
gg            0.35             1.0            10           600          400           0.03989    6.825e-05
gg            0.6             1.0            10           1000          350           0.04342    0.0001809
gg            0.35             6.0            10           600          100           0.02277    2.066e-05
gg            0.35             1.0            10           600          200           0.2295    0.0003394
gg            0.35             1.5            10           600          100           0.2283    0.000406
gg            0.35             1.0            10           200          100           0.3584    0.0007837
gg            0.35             1.0            10           600          300           0.1156    0.0001285
gg            0.35             8.0            10           600          400           0.003985    6.293e-06
gg            0.35             4.0            10           600          150           0.04385    6.008e-05
gg            0.35             1.0            10           700          300           0.08371    0.0001197
gg            0.35             1.5            10           600          400           0.03445    8.92e-05
gg            0.35             20.0            10           600          200           0.006757    1.922e-05
gg            0.35             20.0            10           600          250           0.005078    9.066e-06
gg            0.35             6.0            10           600          400           0.006651    1.378e-05
gg            0.35             40.0            10           600          300           0.004603    4.87e-06
gg            0.35             1.0            10           500          200           0.3692    0.0004028
gg            0.35             50.0            10           600          350           0.002788    4.831e-06
gg            0.35             40.0            10           600          250           0.007557    1.513e-05
gg            0.35             1.0            10           700          250           0.1087    0.0001162
gg            0.35             30.0            10           600          500           0.0001728    2.725e-07
gg            0.35             1.5            10           600          150           0.1905    0.0005059
gg            0.35             6.0            10           600          300           0.01334    8.034e-06
gg            0.3             1.0            10           600          200           0.1916    0.0003364
gg            0.35             30.0            10           600          200           0.009084    1.313e-05
gg            0.35             1.0            10           600          250           0.165    0.0002123
gg            0.35             30.0            10           600          250           0.0062    1.149e-05
gg            0.35             40.0            10           600          350           0.002624    3.109e-06
gg            0.35             20.0            10           600          150           0.008461    1.767e-05
gg            0.35             2.0            10           600          250           0.08832    0.0001511
gg            0.35             8.0            10           600          250           0.009999    7.898e-06
gg            0.7             1.0            10           1000          350           0.1471    0.0005509
gg            0.35             30.0            10           600          400           0.001322    2.167e-06
gg            0.35             50.0            10           600          200           0.01448    5.885e-05
gg            0.35             4.0            10           600          400           0.0129    2.243e-05
gg            0.35             1.0            10           500          300           0.1292    0.0001745
gg            0.35             6.0            10           600          350           0.01021    1.041e-05
gg            0.35             1.0            10           800          500           0.01614    2.187e-05
gg            0.9             1.0            10           1000          350           0.6556    0.001339
gg            0.35             30.0            10           600          150           0.01281    5.182e-05
gg            0.35             1.0            10           600          150           0.2984    0.0007572
gg            0.4             1.0            10           600          200           0.2575    0.0003867
gg            0.35             40.0            10           600          500           0.0002082    3.047e-07
gg            0.35             20.0            10           600          300           0.003595    6.601e-06
gg            0.35             1.0            10           900          350           0.03346    0.0001091
gg            0.35             1.0            10           200          150           0.3253    0.0007055
gg            0.6             1.0            10           600          200           0.2362    0.0002282
gg            0.35             1.5            10           600          500           0.003995    1.399e-05
gg            0.35             1.0            10           900          500           0.01424    2.267e-05
gg            0.35             2.0            10           600          400           0.02864    7.367e-05
gg            0.35             20.0            10           600          100           0.01613    3.691e-05
gg            0.35             50.0            10           600          400           0.001389    2.259e-06
gg            0.35             1.0            10           500          250           0.2358    0.00032
gg            0.35             1.0            10           500          150           0.5074    0.0009335
gg            0.35             4.0            10           600          250           0.03268    5.342e-06
gg            0.35             6.0            10           600          200           0.01895    2.808e-05
gg            0.35             1.0            10           700          350           0.06547    8.918e-05
gg            0.35             2.0            10           600          200           0.1102    0.000156
gg            0.35             50.0            10           600          250           0.008824    2.745e-05
gg            0.35             40.0            10           600          200           0.01181    2.394e-05
gg            0.35             1.0            10           300          100           2.903    0.004634
gg            0.35             4.0            10           600          200           0.03867    8.613e-06
gg            0.35             6.0            10           600          250           0.01633    1.828e-05
gg            0.35             1.0            10           900          400           0.02536    7.158e-05
gg            0.35             40.0            10           600          100           0.04574    0.0001108
gg            0.8             1.0            10           1000          350           0.3795    0.001061
gg            0.35             1.0            10           900          300           0.03722    0.000112
gg            0.35             50.0            10           600          100           0.05891    0.0001945
gg            0.35             1.0            10           1600          350           0.01035    2.504e-05
gg            0.35             8.0            10           600          300           0.008142    6.27e-06
gg            0.35             20.0            10           600          500           0.000154    3.065e-07
gg            0.9             1.0            10           600          200           0.3353    0.001304
gg            0.35             1.0            10           1600          150           0.07525    0.0005544
gg            0.35             4.0            10           300          150           0.06813    0.0001919
gg            0.7             1.0            10           300          150           0.643    0.001393
gg            0.35             8.0            10           300          150           0.008532    1.916e-05
gg            0.35             8.0            10           300          250           0.001027    1.658e-06
gg            0.7             0.5            10           300          150           2.612    0.005371
gg            0.7             4.0            10           300          150           0.0294    5.479e-05
gg            0.7             2.0            10           300          150           0.1506    0.0002936
gg            0.35             0.5            10           300          250           0.5277    0.001788
gg            0.7             8.0            10           300          150           0.00508    7.787e-06
gg            0.35             1.0            10           300          250           0.1308    0.0004417
gg            0.35             0.5            10           300          150           6.509    0.01128
gg            0.35             2.0            10           300          150           0.3714    0.0005925
gg            0.35             1.0            10           500          350           0.05369    6.437e-05
gg            0.35             1.0            10           400          350           0.03538    7.907e-05
gg            0.35             4.0            10           300          250           0.006146    2.349e-05
gg            0.7             1.5            10           300          150           0.2782    0.0005791
gg            0.5             1.0            10           600          200           0.274    0.000434
gg            0.35             0.5            10           600          250           0.2545    0.0004434
gg            0.35             1.0            10           1000          250           0.02742    0.0001406
gg            0.35             1.0            10           800          150           0.1171    0.0006796
gg            0.35             1.5            10           300          150           0.6912    0.001093
gg            0.35             2.0            10           300          250           0.0308    0.0001012
gg            0.35             1.5            10           300          250           0.05674    0.0001831
bb            0.35             4.0            10           500          150           0.0162    9.403e-05
bb            0.35             1.0            10           300          150           0.003121    1.066e-05
bb            0.35             20.0            10           600          350           0.04732    0.0001921
bb            0.35             1.0            10           1400          150           0.0004478    2.069e-06
bb            0.35             10.0            10           600          400           0.01144    5.331e-05
bb            0.35             1.0            10           800          350           8.46e-05    3.544e-07
bb            0.35             10.0            10           600          250           0.03415    0.0001512
bb            0.35             1.0            10           400          200           0.0005358    1.608e-06
bb            0.35             1.0            10           400          150           0.0009398    3.164e-06
bb            0.35             1.0            10           1000          350           7.358e-05    2.597e-07
bb            0.35             10.0            10           600          150           0.07669    0.0004827
bb            0.35             1.0            10           700          300           0.0001485    5.134e-07
bb            0.35             1.0            10           700          400           5.432e-05    2.496e-07
bb            0.35             20.0            10           600          300           0.07261    0.0002775
bb            0.35             0.5            10           600          400           8.208e-06    3.996e-08
bb            0.35             0.8            10           600          500           9.695e-06    4.543e-08
bb            0.35             2.0            10           600          100           0.007022    5.2e-05
bb            0.35             30.0            10           600          500           0.01719    7.272e-05
bb            0.35             1.0            10           900          350           7.871e-05    3.624e-07
bb            0.35             1.0            10           600          350           9.659e-05    3.33e-07
bb            0.35             0.5            10           600          200           8.584e-05    2.755e-07
bb            0.35             1.5            10           300          150           0.006971    2.384e-05
bb            0.35             2.0            10           600          250           0.001242    3.84e-06
bb            0.35             30.0            10           600          400           0.05014    0.0002233
bb            0.35             10.0            10           600          300           0.02391    7.792e-05
bb            0.35             0.5            10           300          150           0.0007785    2.666e-06
bb            0.35             0.8            10           600          300           9.604e-05    3.211e-07
bb            0.35             1.0            10           600          150           0.0006834    5.359e-06
bb            0.35             1.0            10           800          300           0.0001376    5.018e-07
bb            0.35             1.0            10           1200          350           6.5e-05    2.44e-07
bb            0.35             1.0            10           900          500           1.995e-05    9.719e-08
bb            0.35             1.5            10           600          150           0.001626    1.218e-05
bb            0.35             1.0            10           200          100           0.003305    1.498e-05
bb            0.1             1.0            10           600          200           2.661e-05    1.787e-07
bb            0.35             0.5            10           600          300           3.281e-05    1.229e-07
bb            0.35             0.5            10           600          100           0.0004055    3.213e-06
bb            0.35             20.0            10           600          250           0.109    0.0003892
bb            0.35             0.8            10           600          400           3.035e-05    1.499e-07
bb            0.35             1.0            10           300          250           0.0009777    3.276e-06
bb            0.35             0.8            10           600          350           5.537e-05    2.033e-07
bb            0.35             1.0            10           600          250           0.0002537    8.244e-07
bb            0.35             20.0            10           600          150           0.2657    0.001896
bb            0.35             0.5            10           600          350           1.705e-05    9.297e-08
bb            0.35             2.0            10           600          200           0.001809    1.124e-05
bb            0.35             1.0            10           900          400           4.756e-05    1.805e-07
bb            0.35             1.0            10           1400          250           0.0001544    5.18e-07
bb            0.35             10.0            10           600          500           0.004369    1.569e-05
bb            0.1             1.0            10           1000          350           5.897e-06    2.608e-08
bb            0.35             40.0            10           600          300           0.1902    0.0006687
bb            0.35             40.0            10           600          200           0.4729    0.00166
bb            0.35             30.0            10           600          250           0.2025    0.0005374
bb            0.35             1.0            10           500          150           0.0007632    5.21e-06
bb            0.35             0.8            10           600          200           0.0002392    1.761e-06
bb            0.2             1.0            10           1000          350           2.416e-05    1.032e-07
bb            0.35             0.5            10           600          500           2.374e-06    1.024e-08
bb            0.35             1.0            10           500          350           9.274e-05    3.48e-07
bb            0.35             30.0            10           600          150           0.517    0.001905
bb            0.35             1.0            10           1400          450           2.123e-05    1.086e-07
bb            0.35             0.8            10           600          100           0.001067    8.313e-06
bb            0.35             1.0            10           600          100           0.001686    1.299e-05
bb            0.35             1.0            10           1000          500           1.859e-05    7.512e-08
bb            0.35             20.0            10           600          500           0.01061    3.908e-05
bb            0.35             0.5            10           600          150           0.0001572    1.35e-06
bb            0.35             20.0            10           600          200           0.1618    0.0009585
bb            0.35             1.0            10           300          100           0.005262    2.303e-05
bb            0.35             1.0            10           500          250           0.0002818    1.394e-06
bb            0.35             2.0            10           600          500           0.0001257    5.472e-07
bb            0.35             20.0            10           600          400           0.03015    0.0001392
bb            0.35             30.0            10           600          100           1.266    0.01032
bb            0.35             1.5            10           600          300           0.0004235    1.276e-06
bb            0.35             2.0            10           600          150           0.002998    2.152e-05
bb            0.35             1.5            10           600          400           0.000164    6.651e-07
bb            0.35             1.5            10           600          100           0.003884    2.927e-05
bb            0.35             1.0            10           800          500           2.074e-05    7.386e-08
bb            0.35             1.0            10           1000          150           0.0005454    2.45e-06
bb            0.35             1.0            10           1200          150           0.0004961    2.283e-06
bb            0.35             1.5            10           600          200           0.0009572    6.317e-06
bb            0.35             10.0            10           600          200           0.04808    0.0002758
bb            0.35             20.0            10           600          100           0.6286    0.004737
bb            0.35             1.0            10           400          100           0.0021    1.443e-05
bb            0.35             1.0            10           400          350           0.0001059    3.838e-07
bb            0.35             30.0            10           600          200           0.3084    0.000957
bb            0.34             20.0            10           600          400           0.02819    0.0001291
bb            0.35             2.0            10           600          300           0.0008424    3.237e-06
bb            0.35             1.0            10           600          200           0.0003898    2.749e-06
bb            0.35             1.5            10           300          250           0.002185    7.238e-06
bb            0.35             2.0            10           600          400           0.000354    1.603e-06
bb            0.35             1.0            10           1600          350           5.055e-05    2.5e-07
bb            0.35             1.0            10           500          300           0.0001712    5.958e-07
bb            0.35             2.0            10           600          350           0.0005536    2.272e-06
bb            0.35             1.0            10           500          200           0.0004404    2.599e-06
bb            0.35             1.0            10           800          400           5.126e-05    2.382e-07
bb            0.2             1.0            10           600          200           0.0001117    7.557e-07
bb            0.35             40.0            10           600          250           0.3023    0.00133
bb            0.35             30.0            10           600          350           0.08151    0.0003702
bb            0.35             1.0            10           1200          500           1.595e-05    8.035e-08
bb            0.35             0.5            10           300          250           0.0002443    8.187e-07
bb            0.35             10.0            10           600          350           0.01673    6.824e-05
bb            0.35             30.0            10           600          300           0.1298    0.0004458
bb            0.35             0.8            10           600          150           0.0004263    3.549e-06
bb            0.35             2.0            10           300          250           0.003837    1.317e-05
bb            0.35             1.0            10           200          150           0.002434    1.255e-05
bb            0.35             1.0            10           700          250           0.0002321    7.082e-07
bb            0.35             1.0            10           1600          150           0.0003974    1.82e-06
bb            0.35             10.0            10           600          100           0.1759    0.001254
bb            0.35             1.5            10           600          350           0.0002692    9.283e-07
bb            0.35             0.8            10           600          250           0.0001536    4.801e-07
bb            0.35             1.0            10           900          300           0.0001286    4.505e-07
bb            0.35             1.0            10           1600          250           0.0001366    4.595e-07
bb            0.35             1.0            10           1200          250           0.000172    5.748e-07
bb            0.35             1.0            10           600          500           1.818e-05    7.874e-08
bb            0.35             40.0            10           600          150           0.8009    0.004147
bb            0.35             1.0            10           600          400           5.53e-05    2.546e-07
bb            0.35             1.5            10           600          250           0.0006415    1.886e-06
bb            0.35             1.0            10           400          250           0.0002983    1.04e-06
bb            0.35             1.0            10           600          300           0.000161    5.514e-07
bb            0.35             1.0            10           800          250           0.0002157    6.76e-07
bb            0.35             1.5            10           600          500           5.614e-05    2.256e-07
bb            0.35             40.0            10           600          100           1.968    0.01582
bb            0.35             1.0            10           1400          350           5.754e-05    2.226e-07
bb            0.35             1.0            10           700          350           9.127e-05    3.31e-07
bb            0.35             4.0            10           600          400           0.001971    9.117e-06
bb            0.35             4.0            10           600          300           0.004041    1.322e-05
bb            0.35             4.0            10           600          200           0.007962    4.53e-05
bb            0.35             40.0            10           600          400           0.07087    0.0002966
bb            0.35             4.0            10           300          250           0.01423    4.953e-05
bb            0.35             40.0            10           600          500           0.02401    0.0001081
bb            0.35             4.0            10           600          100           0.02871    0.0002041
bb            0.35             8.0            10           300          150           0.1482    0.0005253
bb            0.35             50.0            10           600          250           0.4002    0.001292
bb            0.7             1.0            10           300          150           0.006083    4.547e-05
bb            0.35             4.0            10           600          350           0.00285    1.133e-05
bb            0.35             6.0            10           600          350           0.006615    2.637e-05
bb            0.35             50.0            10           600          350           0.1525    0.0006336
bb            0.4             1.0            10           600          200           0.000534    3.12e-06
bb            0.35             6.0            10           600          250           0.01293    5.067e-05
bb            0.35             4.0            10           600          250           0.005685    2.364e-05
bb            0.35             8.0            10           600          500           0.003085    1.092e-05
bb            0.35             8.0            10           600          150           0.05017    0.0003123
bb            0.35             8.0            10           600          350           0.01136    4.563e-05
bb            0.7             8.0            10           300          150           0.3464    0.002475
bb            0.35             8.0            10           600          400           0.00789    3.645e-05
bb            0.35             6.0            10           600          150           0.02864    0.0001764
bb            0.35             4.0            10           300          150           0.04596    0.0001575
bb            0.7             1.5            10           300          150           0.01366    0.0001021
bb            0.35             6.0            10           600          400           0.004633    2.135e-05
bb            0.9             1.0            10           1000          350           0.0008398    3.332e-06
bb            0.35             6.0            10           600          500           0.001829    7.638e-06
bb            0.6             1.0            10           600          200           0.001235    6.344e-06
bb            0.9             1.0            10           600          200           0.0004537    1.64e-06
bb            0.35             8.0            10           600          100           0.1138    0.0008056
bb            0.8             1.0            10           1000          350           0.0002006    1.142e-06
bb            0.7             4.0            10           300          150           0.09451    0.0006808
bb            0.7             1.0            10           600          200           0.001376    7.166e-06
bb            0.35             4.0            10           600          150           0.0127    8.538e-05
bb            0.3             1.0            10           1000          350           5.474e-05    2.235e-07
bb            0.35             50.0            10           600          200           0.6298    0.003873
bb            0.35             4.0            10           600          500           0.0007663    2.709e-06
bb            0.35             50.0            10           600          300           0.2502    0.001365
bb            0.35             8.0            10           600          250           0.02261    9.433e-05
bb            0.35             8.0            10           600          300           0.01604    6.022e-05
bb            0.4             1.0            10           1000          350           9.197e-05    3.744e-07
bb            0.35             40.0            10           600          350           0.1184    0.0005818
bb            0.35             50.0            10           600          100           2.681    0.02218
bb            0.35             50.0            10           600          150           1.084    0.004367
bb            0.35             8.0            10           600          200           0.0316    0.0001787
bb            0.7             2.0            10           300          150           0.02413    0.0001815
bb            0.3             1.0            10           600          200           0.0002727    1.677e-06
bb            0.6             1.0            10           1000          350           9.605e-05    3.951e-07
bb            0.8             1.0            10           600          200           0.00106    5.462e-06
bb            0.35             50.0            10           600          500           0.03032    0.0001657
bb            0.35             6.0            10           600          200           0.01807    0.0001011
bb            0.7             0.5            10           300          150           0.001523    1.138e-05
bb            0.7             1.0            10           1000          350           6.111e-05    2.708e-07
bb            0.35             50.0            10           600          400           0.09105    0.0004817
bb            0.35             8.0            10           300          250           0.04475    0.0001756
bb            0.35             6.0            10           600          100           0.06454    0.0004592
bb            0.35             6.0            10           600          300           0.009283    3.026e-05
bb            0.35             1.0            10           800          150           0.0006003    5.499e-06
bb            0.35             1.0            10           1000          250           0.0001917    6.24e-07
bb            0.5             1.0            10           600          200           0.0008849    4.92e-06
bb            0.35             0.5            10           600          250           5.395e-05    1.873e-07
bb            0.35             2.0            10           300          150           0.01227    4.19e-05
