10 1 0.1790 0.2394 0.3369 0.4806 0.6612 0.3368
50 1 0.3880 0.5232 0.7412 1.0633 1.4772 0.7403
150 1 1.1618 1.5604 2.2031 3.1516 4.3573 2.2037
200 1 1.6006 2.1497 3.0352 4.3539 6.0299 3.0380
250 1 2.3236 3.1209 4.4062 6.3207 8.7261 4.4090
350 1 3.4228 4.6157 6.5391 9.3801 13.0320 6.5455
400 1 4.5483 6.1089 8.6250 12.3724 17.1892 8.6409
450 1 5.3146 7.1382 10.0781 14.4569 20.0851 10.0996
500 1 7.3363 9.8932 14.0156 20.1051 27.8444 14.0126
700 1 14.3866 19.3228 27.2812 39.1344 54.1988 27.3636
750 1 19.5282 26.2286 37.0312 53.1205 73.3365 37.0888
1000 1 44.7913 60.1597 84.9375 121.8410 168.7428 84.8506
